ASCII/dem.asc
ncols         1013
nrows         404
xllcorner     -92.045254686541
yllcorner     -5.019172982738
cellsize      0.01666666667
NODATA_value  -9999
[rows 216 to 251 of 404, columns 648 to 728 of 1013]
-9999 -9999 -9999 -9999 -9999 -9999 -9999 -9999 -9999 -9999 -9999 -9999 -9999 -9999 -9999 -9999 -9999 -9999 -9999 -9999 -9999 -9999 -9999 -9999 -9999 -9999 -9999 -9999 -9999 -9999 -9999 46 101 84 60 83 141 165 198 257 269 340 458 551 573 528 482 407 343 355 343 293 249 194 154 126 116 90 72 60 71 61 48 52 54 39 30 23 17 15 12 8 6 6 6 5 4 4 4 4 4
-9999 -9999 -9999 -9999 -9999 -9999 -9999 -9999 -9999 -9999 -9999 -9999 -9999 -9999 -9999 -9999 -9999 -9999 -9999 -9999 -9999 -9999 -9999 -9999 -9999 -9999 -9999 -9999 -9999 -9999 -9999 26 79 72 73 95 135 141 150 164 222 278 311 492 507 457 370 400 369 401 372 313 257 222 173 154 150 91 73 63 67 56 62 68 59 43 31 24 19 15 12 8 6 6 6 4 4 4 4 5 5
-9999 -9999 -9999 -9999 -9999 -9999 -9999 -9999 -9999 -9999 -9999 -9999 -9999 -9999 -9999 -9999 -9999 -9999 -9999 -9999 -9999 -9999 -9999 -9999 -9999 -9999 -9999 -9999 -9999 -9999 -9999 12 30 46 85 77 94 102 108 137 165 234 284 324 426 410 383 476 413 402 396 351 295 238 194 179 176 109 75 76 65 58 81 78 54 35 29 24 21 16 15 9 6 5 9 5 4 4 4 4 5
-9999 -9999 -9999 -9999 -9999 -9999 -9999 -9999 -9999 -9999 -9999 -9999 -9999 -9999 -9999 -9999 -9999 -9999 -9999 -9999 -9999 -9999 -9999 -9999 -9999 -9999 -9999 -9999 -9999 -9999 -9999 57 57 89 73 55 63 69 114 158 144 125 169 245 301 301 332 453 455 419 414 366 312 274 211 203 153 121 88 83 70 72 86 133 71 43 46 43 42 32 15 11 8 16 6 5 4 4 4 5 5
-9999 -9999 -9999 -9999 -9999 -9999 -9999 -9999 -9999 -9999 -9999 -9999 -9999 -9999 -9999 -9999 -9999 -9999 -9999 -9999 -9999 -9999 -9999 -9999 -9999 -9999 -9999 -9999 -9999 -9999 -9999 63 65 88 44 46 81 105 112 92 68 168 283 274 256 379 336 423 458 448 423 399 340 281 244 214 158 122 101 97 87 85 142 108 62 62 52 137 154 84 16 10 6 16 7 6 46 18 14 5 6
-9999 -9999 -9999 -9999 -9999 -9999 -9999 -9999 -9999 -9999 -9999 -9999 -9999 -9999 -9999 -9999 -9999 -9999 -9999 -9999 -9999 -9999 -9999 -9999 -9999 -9999 -9999 -9999 -9999 12 38 37 49 56 39 74 71 73 64 47 49 79 145 217 247 329 342 365 409 458 436 413 355 292 258 204 185 162 136 108 114 113 156 130 55 86 77 204 201 124 67 36 25 51 6 9 24 74 82 64 20
-9999 -9999 -9999 -9999 -9999 -9999 -9999 -9999 -9999 -9999 -9999 -9999 -9999 -9999 -9999 -9999 -9999 -9999 -9999 -9999 -9999 -9999 -9999 -9999 -9999 -9999 -9999 -9999 -9999 5 39 12 21 13 36 44 31 39 35 36 38 44 52 68 100 151 227 212 317 325 364 395 380 330 272 244 220 192 157 133 151 151 142 88 97 78 119 204 195 111 37 20 25 59 5 51 17 31 46 145 87
-9999 -9999 -9999 -9999 -9999 -9999 -9999 -9999 -9999 -9999 -9999 -9999 -9999 -9999 -9999 -9999 -9999 -9999 -9999 -9999 -9999 -9999 -9999 -9999 -9999 -9999 -9999 -9999 -9999 -9999 15 2 11 8 17 15 13 19 22 28 42 101 94 88 75 69 105 166 194 250 340 369 337 339 309 265 254 219 173 164 173 205 151 107 98 74 131 166 173 114 54 27 33 95 30 30 47 13 13 42 58
-9999 -9999 -9999 -9999 -9999 -9999 -9999 -9999 -9999 -9999 -9999 -9999 -9999 -9999 -9999 -9999 -9999 -9999 -9999 -9999 -9999 -9999 -9999 -9999 -9999 -9999 -9999 -9999 -9999 -9999 -9999 8 4 7 8 10 16 18 21 34 65 115 121 125 141 100 84 84 109 143 166 213 297 365 340 304 283 226 198 185 203 208 161 137 112 101 107 128 168 72 41 30 35 69 21 23 101 73 8 21 40
-9999 -9999 -9999 -9999 -9999 -9999 -9999 -9999 -9999 -9999 -9999 -9999 -9999 -9999 -9999 -9999 -9999 -9999 -9999 -9999 -9999 -9999 -9999 -9999 -9999 -9999 -9999 -9999 -9999 -9999 -9999 17 15 10 7 9 14 28 30 43 59 75 106 137 142 116 116 135 127 120 142 138 183 229 288 338 286 250 247 238 243 212 181 171 149 133 142 170 166 65 57 56 26 44 13 19 82 37 12 31 12
-9999 -9999 -9999 -9999 -9999 -9999 -9999 -9999 -9999 -9999 -9999 -9999 -9999 -9999 -9999 -9999 -9999 -9999 -9999 -9999 -9999 -9999 -9999 -9999 -9999 -9999 -9999 -9999 -9999 -9999 -9999 48 54 30 11 12 15 35 43 48 76 96 101 124 179 191 163 158 171 138 186 180 149 179 213 286 286 311 293 288 270 217 256 206 186 160 170 197 154 78 91 52 28 26 21 21 50 20 9 17 17
-9999 -9999 -9999 -9999 -9999 -9999 -9999 -9999 -9999 -9999 -9999 -9999 -9999 -9999 -9999 -9999 -9999 -9999 -9999 -9999 -9999 -9999 -9999 -9999 -9999 -9999 -9999 -9999 -9999 -9999 2 13 22 25 36 22 18 36 57 78 93 108 130 167 225 283 253 201 202 166 206 221 183 193 193 220 274 291 305 288 267 265 280 272 233 197 230 194 140 133 123 71 50 30 35 35 53 24 17 17 12
-9999 -9999 -9999 -9999 -9999 -9999 -9999 -9999 -9999 -9999 -9999 -9999 -9999 -9999 -9999 -9999 -9999 -9999 -9999 -9999 -9999 -9999 -9999 -9999 -9999 -9999 -9999 -9999 -9999 -9999 3 21 61 68 52 47 38 61 42 86 118 96 112 146 184 206 231 270 244 198 207 247 211 216 213 233 255 259 237 269 266 277 309 335 313 281 247 228 172 169 144 74 78 52 33 54 54 35 18 12 6
-9999 -9999 -9999 -9999 -9999 -9999 -9999 -9999 -9999 -9999 -9999 -9999 -9999 -9999 -9999 -9999 -9999 -9999 -9999 -9999 -9999 -9999 -9999 -9999 -9999 -9999 -9999 -9999 -9999 4 34 57 75 89 83 98 104 112 66 53 88 108 101 126 157 156 167 186 187 240 259 285 237 211 247 240 270 255 201 212 211 205 178 218 268 300 342 336 300 227 129 91 85 61 42 56 77 37 24 28 8
-9999 -9999 -9999 -9999 -9999 -9999 -9999 -9999 -9999 -9999 -9999 -9999 -9999 -9999 -9999 -9999 -9999 -9999 -9999 -9999 -9999 -9999 -9999 -9999 -9999 -9999 -9999 -9999 -9999 8 32 57 71 84 98 129 160 147 105 75 91 118 99 117 144 122 152 149 159 173 185 267 250 217 268 330 332 220 188 190 209 180 172 124 119 130 178 259 314 299 267 179 147 78 70 65 64 50 23 27 9
-9999 -9999 -9999 -9999 -9999 -9999 -9999 -9999 -9999 -9999 -9999 -9999 -9999 -9999 -9999 -9999 -9999 -9999 -9999 -9999 -9999 -9999 -9999 -9999 -9999 -9999 -9999 -9999 6 23 42 50 62 82 102 141 183 182 124 97 109 123 109 119 127 114 136 125 146 135 161 189 228 248 313 305 259 178 158 149 195 143 119 113 85 76 76 112 176 273 324 294 275 145 158 261 134 69 29 29 9
-9999 -9999 -9999 -9999 -9999 -9999 -9999 -9999 -9999 -9999 -9999 -9999 -9999 -9999 -9999 -9999 -9999 -9999 -9999 -9999 -9999 -9999 -9999 -9999 -9999 8 14 30 14 30 47 63 76 93 106 125 153 153 116 89 88 91 87 93 117 103 105 116 112 133 147 145 162 182 285 353 248 171 146 138 148 144 102 90 80 70 59 86 93 135 192 215 279 254 290 173 235 143 53 22 9
-9999 -9999 -9999 -9999 -9999 -9999 -9999 -9999 -9999 -9999 -9999 -9999 -9999 -9999 -9999 -9999 -9999 -9999 -9999 -9999 -9999 -9999 -9999 -9999 -9999 20 50 43 25 34 54 65 78 95 94 109 115 130 133 112 81 67 70 73 86 83 103 88 90 106 113 113 129 148 207 248 192 161 147 120 117 125 93 76 73 71 59 64 73 55 52 39 52 69 54 18 57 58 69 34 -9999
-9999 -9999 -9999 -9999 -9999 -9999 -9999 -9999 -9999 -9999 -9999 -9999 -9999 -9999 -9999 5 -9999 -9999 -9999 -9999 -9999 -9999 -9999 -9999 11 25 50 52 28 42 64 62 69 80 84 103 133 180 159 117 68 54 54 56 62 68 78 84 82 88 98 105 113 129 141 146 147 131 129 129 114 100 91 71 61 62 65 63 64 54 34 15 7 -9999 10 12 11 7 6 7 7
-9999 -9999 -9999 -9999 -9999 -9999 -9999 -9999 -9999 -9999 -9999 -9999 -9999 -9999 -9999 -9999 5 6 -9999 -9999 -9999 21 39 54 36 25 35 49 39 50 70 84 87 101 100 111 128 159 145 111 56 46 52 63 80 85 92 114 92 103 113 119 124 144 141 105 115 115 114 124 120 103 90 79 77 58 49 57 52 48 34 12 6 4 9 -9999 11 7 6 6 7
-9999 -9999 -9999 -9999 -9999 -9999 -9999 -9999 -9999 -9999 -9999 -9999 -9999 -9999 -9999 -9999 -9999 5 10 18 32 35 35 43 57 51 31 32 41 60 63 72 79 95 102 108 110 126 122 65 50 43 60 81 105 103 111 135 113 114 124 138 139 165 141 101 99 90 100 103 100 101 85 74 68 72 55 41 43 41 31 10 5 4 6 11 9 8 5 -9999 6
-9999 -9999 -9999 -9999 -9999 -9999 -9999 -9999 -9999 -9999 -9999 -9999 -9999 -9999 -9999 -9999 -9999 -9999 5 6 22 28 26 34 43 48 26 35 42 54 65 72 79 89 90 93 83 82 62 38 68 78 65 76 100 122 100 101 100 109 112 122 130 115 106 99 94 119 105 87 74 74 89 79 61 74 66 36 30 23 17 14 5 4 7 10 9 6 7 -9999 5
-9999 -9999 -9999 -9999 -9999 -9999 -9999 -9999 -9999 -9999 -9999 -9999 -9999 -9999 -9999 -9999 -9999 -9999 -9999 6 15 15 14 18 26 38 46 53 59 59 63 70 76 77 85 78 60 70 49 33 82 143 66 58 81 98 79 82 86 90 93 107 122 116 108 94 101 102 90 87 76 61 67 64 50 53 51 46 28 31 30 17 5 7 9 10 8 6 -9999 6 4
-9999 -9999 -9999 -9999 -9999 -9999 -9999 -9999 -9999 -9999 -9999 -9999 -9999 -9999 -9999 -9999 -9999 -9999 -9999 -9999 17 18 18 21 36 42 46 54 59 63 65 67 65 84 84 67 47 58 49 30 58 56 41 54 67 74 65 68 69 86 85 98 107 130 115 102 83 82 108 86 62 61 66 57 39 42 36 38 30 38 37 28 22 9 13 9 7 5 -9999 -9999 3
-9999 -9999 -9999 -9999 -9999 -9999 -9999 -9999 -9999 -9999 -9999 -9999 -9999 -9999 -9999 -9999 -9999 -9999 -9999 -9999 11 27 33 28 34 40 45 47 53 60 59 58 58 61 64 56 35 42 37 21 22 30 43 40 51 52 52 67 73 78 98 112 142 146 121 97 78 55 83 77 52 46 50 45 45 26 32 33 38 44 51 53 42 23 8 7 -9999 4 0 4 4
-9999 -9999 -9999 -9999 -9999 -9999 -9999 -9999 -9999 -9999 -9999 -9999 -9999 -9999 -9999 -9999 -9999 -9999 -9999 -9999 -9999 19 37 36 42 48 45 38 43 48 55 54 45 51 43 40 29 20 19 18 24 28 30 32 36 43 61 81 89 88 92 105 168 150 111 98 71 44 62 73 56 40 39 45 30 22 37 37 44 52 46 36 18 7 3 3 -9999 -1 -9999 -9999 4
-9999 -9999 -9999 -9999 -9999 -9999 -9999 -9999 -9999 -9999 -9999 -9999 -9999 -9999 -9999 -9999 -9999 -9999 -9999 -9999 -9999 -9999 -9999 29 42 44 37 34 41 39 45 43 41 46 32 25 14 19 27 25 43 56 52 49 45 44 57 74 80 81 96 128 136 145 133 101 75 48 45 73 51 41 27 31 27 17 23 33 35 33 37 20 7 4 8 3 2 -9999 6 7 4
-9999 -9999 -9999 -9999 -9999 -9999 -9999 -9999 -9999 -9999 -9999 -9999 -9999 -9999 -9999 -9999 -9999 -9999 -9999 -9999 -9999 -9999 -9999 -9999 5 21 34 37 34 34 35 28 34 41 24 12 29 102 91 49 63 139 119 70 61 57 50 61 70 78 90 125 161 123 106 91 62 44 34 50 49 30 32 22 22 16 16 17 21 26 30 29 9 -9999 -9999 0 -9999 4 4 5 3
-9999 -9999 -9999 -9999 -9999 -9999 -9999 -9999 -9999 -9999 -9999 -9999 -9999 -9999 -9999 -9999 -9999 -9999 -9999 -9999 -9999 -9999 -9999 -9999 -9999 3 34 29 27 26 29 24 20 22 13 11 75 148 57 50 74 160 205 123 81 65 60 72 81 102 106 113 143 118 105 76 57 51 37 24 26 23 22 14 7 8 12 18 15 18 15 13 7 -9999 -9999 -9999 4 6 -9999 5 3
-9999 -9999 -9999 -9999 -9999 -9999 -9999 -9999 -9999 -9999 -9999 -9999 -9999 -9999 -9999 -9999 -9999 -9999 -9999 -9999 -9999 -9999 -9999 -9999 -9999 -9999 -9999 2 18 12 16 11 14 6 7 16 71 89 37 36 66 130 199 158 99 71 64 86 95 125 138 137 104 118 115 79 61 52 36 21 18 15 12 8 5 13 21 25 14 9 6 4 3 -9999 5 5 5 3 -9999 7 -9999
-9999 -9999 -9999 -9999 -9999 -9999 -9999 -9999 -9999 -9999 -9999 -9999 -9999 -9999 -9999 -9999 -9999 -9999 -9999 -9999 -9999 -9999 -9999 -9999 -9999 -9999 -9999 -9999 -9999 -9999 -9999 -9999 1 0 10 15 23 28 23 32 52 83 124 179 135 84 71 94 115 126 130 106 87 83 88 93 62 40 32 19 18 13 9 3 7 17 23 11 8 8 8 4 -9999 -9999 0 3 -9999 7 4 5 -9999
-9999 -9999 -9999 -9999 -9999 -9999 -9999 -9999 -9999 -9999 -9999 -9999 -9999 -9999 -9999 -9999 -9999 -9999 -9999 -9999 -9999 -9999 -9999 -9999 -9999 -9999 -9999 -9999 -9999 -9999 -9999 -9999 -9999 -9999 1 5 8 12 16 26 36 44 59 92 146 107 85 101 126 110 94 86 71 61 58 59 59 56 50 34 29 23 10 1 5 13 10 10 7 6 -9999 -10 -9999 -9999 -9999 2 -9999 -9999 1 -9999 5
-9999 -9999 -9999 -9999 -9999 -9999 -9999 -9999 -9999 -9999 -9999 -9999 -9999 -9999 -9999 -9999 -9999 -9999 -9999 -9999 -9999 -9999 -9999 -9999 -9999 -9999 -9999 -9999 -9999 -9999 -9999 -9999 -9999 -9999 -9999 -9999 4 6 11 18 24 31 41 66 140 161 117 103 124 99 86 75 100 79 61 46 38 56 65 45 21 12 6 3 2 5 6 7 10 0 3 -1 -9999 3 -9999 0 4 6 -9999 6 11
-9999 -9999 -9999 -9999 -9999 -9999 -9999 -9999 -9999 -9999 -9999 -9999 -9999 -9999 -9999 -9999 -9999 -9999 -9999 -9999 -9999 -9999 -9999 -9999 -9999 -9999 -9999 -9999 -9999 -9999 -9999 -9999 -9999 -9999 -9999 -9999 -9999 2 7 11 16 23 31 54 90 159 175 128 118 95 83 90 106 97 70 60 42 38 39 44 30 13 5 1 6 6 5 5 3 -9999 3 -9999 -9999 4 4 5 5 5 -9999 16 13
-9999 -9999 -9999 -9999 -9999 -9999 -9999 -9999 -9999 -9999 -9999 -9999 -9999 -9999 -9999 -9999 -9999 -9999 -9999 -9999 -9999 -9999 -9999 -9999 -9999 -9999 -9999 -9999 -9999 -9999 -9999 -9999 -9999 -9999 -9999 -9999 -9999 -9999 3 6 11 17 27 43 82 166 257 160 107 82 63 61 71 86 87 74 47 29 28 19 25 13 6 2 4 10 4 3 3 2 -1 -9999 -9999 6 3 -9999 5 5 0 -9999 5
-9999 -9999 -9999 -9999 -9999 -9999 -9999 -9999 -9999 -9999 -9999 -9999 -9999 -9999 -9999 -9999 -9999 -9999 -9999 -9999 -9999 -9999 -9999 -9999 -9999 -9999 -9999 -9999 -9999 -9999 -9999 -9999 -9999 -9999 -9999 -9999 -9999 -9999 -9999 1 8 15 24 37 62 123 241 193 113 83 61 46 56 49 58 75 59 36 26 21 23 13 5 2 4 6 5 3 5 -9999 -9999 -9999 -9999 3 -9999 -9999 0 4 -9999 7 10
