ASCII/dem.asc
ncols         1013
nrows         404
xllcorner     -92.045254686541
yllcorner     -5.019172982738
cellsize      0.01666666667
NODATA_value  -9999
[rows 108 to 143 of 404, columns 891 to 971 of 1013]
373 363 357 359 361 362 362 361 360 351 345 345 336 329 323 328 319 308 305 301 302 298 303 314 308 310 305 310 307 282 276 268 262 264 264 269 263 262 260 260 253 265 296 285 280 268 260 268 282 277 270 253 245 239 235 244 257 249 261 256 236 234 232 229 232 237 233 232 232 230 231 235 260 243 245 242 239 235 236 238 240
394 379 380 355 342 359 363 362 360 356 348 339 330 328 335 326 304 302 302 299 299 300 295 297 296 292 285 284 278 276 273 266 261 264 258 264 257 256 258 262 249 263 267 260 270 253 246 249 251 247 250 240 238 234 233 239 238 240 238 239 235 236 234 231 233 234 235 235 234 233 233 231 230 233 275 273 257 245 239 233 233
411 392 385 368 343 349 363 360 355 352 348 339 330 325 317 315 306 303 301 296 297 301 298 294 292 285 282 279 279 278 272 268 264 263 260 257 256 253 257 261 253 256 257 258 271 249 245 243 241 242 238 235 235 231 234 239 240 241 241 240 238 238 237 233 234 235 235 235 234 230 230 230 229 229 259 282 266 244 237 236 228
400 391 356 360 362 328 350 346 347 347 343 336 328 322 315 311 307 309 300 293 291 298 297 293 290 289 286 290 296 287 276 271 266 278 280 281 275 265 252 260 252 243 258 256 263 258 242 248 247 243 236 240 241 238 236 231 237 242 242 241 239 238 235 232 232 233 233 232 232 230 230 229 229 227 231 260 273 270 264 258 240
419 396 385 375 365 344 319 344 350 349 341 336 331 321 314 312 306 303 298 295 288 294 295 290 291 284 283 278 277 288 292 281 281 280 272 261 265 267 251 253 256 250 260 257 260 258 250 248 247 244 237 237 234 240 242 239 234 238 242 240 238 238 237 234 234 234 234 234 232 231 230 228 227 226 225 230 238 254 265 277 270
379 372 342 331 354 354 324 316 337 346 343 336 332 323 317 308 300 302 298 292 290 285 291 286 289 285 278 274 269 268 273 274 260 261 259 258 266 259 258 250 251 248 256 258 260 260 257 249 243 243 244 245 244 247 246 244 236 236 235 238 237 236 235 235 235 233 232 232 233 231 230 229 228 227 226 226 229 234 253 269 278
363 321 313 317 329 326 342 325 309 341 343 334 328 318 315 314 303 295 294 299 287 284 288 289 291 287 284 277 274 269 266 264 267 263 261 257 255 252 253 260 256 258 252 255 255 255 255 253 247 246 245 246 245 243 241 241 237 231 238 239 238 237 234 233 235 234 233 233 234 229 228 228 227 227 226 224 224 228 242 254 262
338 329 312 306 311 312 321 314 315 331 332 328 326 317 310 308 302 299 291 291 287 286 290 290 287 285 284 284 276 274 268 281 265 263 257 257 257 255 259 259 260 258 245 248 255 254 253 254 243 247 244 243 243 241 240 241 237 233 239 237 237 237 236 238 241 240 239 234 238 234 229 229 228 226 225 224 226 227 233 246 252
307 318 322 320 311 310 316 305 304 323 319 317 319 313 307 305 299 295 293 288 285 282 286 282 282 281 284 281 282 272 262 264 258 258 255 254 252 248 246 245 250 258 255 245 250 252 253 253 246 249 248 247 246 244 244 244 240 239 238 238 239 241 246 246 242 241 240 244 241 238 232 232 230 228 227 224 224 226 227 228 243
302 295 299 304 302 310 317 306 297 330 320 314 306 302 302 303 298 292 289 287 285 280 281 279 277 276 280 281 278 275 271 266 258 261 260 260 253 248 245 241 239 249 257 252 252 247 251 253 250 249 246 246 246 246 244 243 243 246 244 252 254 251 249 245 248 246 248 244 236 236 234 234 232 228 227 226 225 224 225 226 225
303 291 283 289 286 291 301 305 289 310 321 324 315 306 300 298 300 291 286 285 282 282 277 281 281 270 275 277 278 271 275 270 266 265 261 257 251 249 249 246 238 239 254 255 253 249 251 252 249 249 249 247 244 242 243 242 244 245 250 251 248 233 242 245 243 239 239 241 237 235 234 232 231 229 228 228 225 216 218 221 219
296 285 278 282 283 286 297 305 282 282 297 298 298 301 301 296 294 289 285 284 278 278 275 274 274 269 269 274 277 274 270 267 265 266 264 254 249 249 248 246 240 235 245 248 252 246 246 249 247 242 236 235 244 244 243 240 245 239 237 237 238 238 238 240 238 238 231 237 237 237 234 233 232 232 227 225 222 226 223 223 225
295 286 279 277 280 284 292 295 297 273 282 291 289 290 289 287 289 288 284 278 274 275 273 278 275 272 269 280 279 278 278 274 272 268 264 260 255 248 245 244 240 237 238 247 253 253 247 243 238 238 244 242 239 252 253 249 239 249 248 246 243 244 235 239 234 234 235 230 229 231 233 228 231 228 227 230 227 228 227 227 225
287 285 272 275 278 277 280 289 289 279 280 286 288 289 287 285 287 292 282 277 277 274 270 273 271 274 268 272 279 278 278 271 271 270 269 257 256 257 254 251 250 243 242 244 246 249 250 250 248 246 247 256 259 267 261 253 252 256 267 270 270 263 251 247 244 255 249 239 236 231 232 231 226 242 237 231 229 228 228 227 225
306 292 273 272 275 274 274 280 280 286 279 280 282 284 283 282 281 300 285 277 274 271 273 271 268 268 268 266 270 275 273 268 269 265 270 269 259 263 260 257 258 254 247 249 255 256 251 249 251 247 247 259 264 258 258 251 242 243 260 281 305 296 283 268 262 277 272 251 241 240 245 244 249 244 232 230 229 225 224 226 223
288 302 294 276 272 272 272 280 275 283 283 270 275 287 282 281 276 275 279 283 274 269 267 270 268 269 266 267 262 267 272 267 271 266 262 264 263 259 263 261 258 254 252 250 246 253 251 250 253 262 266 250 245 245 246 249 241 237 240 252 268 262 291 296 278 297 282 258 250 247 237 235 228 228 229 227 226 226 224 224 224
292 285 286 288 275 271 271 274 276 280 279 273 269 285 281 279 280 272 271 279 273 270 266 266 266 264 260 268 264 259 259 264 266 263 263 261 260 258 259 261 258 255 254 251 243 246 247 248 246 246 248 250 244 243 241 239 235 238 247 255 251 235 261 254 246 258 274 259 247 242 234 237 236 228 227 227 225 224 222 221 221
293 289 287 290 286 279 275 272 273 276 274 272 263 281 281 277 276 271 265 268 269 269 263 262 264 267 264 265 269 267 266 255 261 258 260 246 244 240 248 256 258 255 250 244 246 244 244 247 246 244 242 246 245 241 242 240 237 235 250 247 232 228 233 227 233 240 254 254 266 258 242 243 232 228 225 225 223 224 223 222 221
296 294 289 289 283 281 279 279 278 273 276 269 264 280 280 272 273 272 268 269 266 270 268 267 265 270 270 264 268 266 266 267 259 254 243 241 242 240 248 249 258 256 252 251 251 252 249 247 245 243 244 239 243 239 237 236 234 236 243 237 238 235 231 222 225 237 250 267 276 241 231 229 229 228 226 226 222 223 223 222 222
311 290 284 281 278 273 276 271 273 269 274 273 257 271 276 271 270 266 265 265 268 264 271 261 263 268 266 262 260 259 258 261 261 250 242 233 232 235 232 249 257 256 251 253 251 253 254 250 247 247 245 242 238 238 240 240 238 240 238 238 238 239 237 234 230 232 256 284 257 233 230 230 229 228 225 225 224 224 224 221 222
315 296 285 273 268 272 278 274 268 267 271 264 259 267 272 271 267 261 264 262 261 255 255 245 243 249 249 251 251 252 252 251 251 248 243 235 245 251 247 231 238 247 251 249 251 253 251 251 247 243 241 241 240 233 232 237 241 239 230 231 231 227 232 234 231 217 235 259 245 234 231 229 229 228 226 225 224 224 223 223 220
276 276 275 274 281 271 276 285 280 277 273 257 256 263 265 266 255 259 264 255 246 249 254 255 250 245 240 238 235 239 241 239 237 235 237 249 254 251 248 247 249 238 249 246 247 248 249 250 246 242 243 240 241 239 232 220 221 221 222 224 224 227 223 219 222 230 215 224 235 232 231 231 229 228 225 223 222 223 223 222 222
279 286 289 295 302 297 295 294 290 287 273 256 252 251 253 253 266 262 250 256 263 296 311 298 272 253 255 258 256 246 244 251 247 251 254 253 253 253 257 255 259 238 239 246 244 243 245 248 249 246 246 244 239 236 218 238 244 239 240 236 230 235 239 258 257 237 225 220 233 232 232 231 231 229 228 226 222 222 223 222 221
291 310 309 310 307 299 293 290 288 275 271 257 260 262 259 272 304 296 280 270 272 287 313 287 273 261 265 265 266 257 257 266 261 264 265 258 260 259 262 259 259 253 230 231 229 229 232 244 245 243 238 220 220 223 232 245 242 242 240 238 237 236 244 249 238 236 223 212 232 228 226 229 231 231 228 225 223 223 222 222 221
309 311 304 303 302 299 291 285 286 274 262 266 279 275 268 283 293 292 293 292 281 283 288 271 256 257 263 265 266 265 262 261 260 258 261 262 259 269 261 261 258 253 256 247 243 246 233 231 244 240 222 239 241 244 246 244 243 239 237 237 237 238 238 238 236 232 231 212 220 224 222 228 230 229 227 224 223 224 224 224 222
312 295 299 300 293 284 278 276 275 273 270 286 283 287 293 298 290 277 276 279 273 279 269 263 270 292 285 270 261 260 266 261 270 271 264 267 272 275 264 260 261 261 260 254 247 239 241 230 224 225 253 244 247 245 244 244 242 239 237 234 232 234 236 234 232 230 229 226 211 216 221 229 230 227 226 223 222 223 224 223 221
308 300 302 300 306 291 288 275 271 263 289 296 296 302 305 295 290 282 280 284 281 269 269 272 267 289 288 271 273 267 270 272 280 273 268 276 280 271 264 263 269 270 260 250 246 244 245 286 295 267 253 245 248 243 244 245 244 241 237 236 233 231 231 230 229 227 226 228 228 216 215 225 226 223 220 222 222 223 222 222 222
310 305 301 287 290 275 263 263 268 267 296 308 321 310 300 292 291 280 294 291 273 282 281 278 287 302 303 286 271 279 290 290 277 291 288 281 277 277 280 291 279 289 265 266 257 265 270 257 255 262 254 243 242 241 242 242 242 240 237 234 231 230 227 227 226 224 225 224 219 222 218 210 216 217 216 218 220 223 223 221 220
310 306 300 295 280 263 268 279 276 278 313 319 312 311 306 307 294 287 281 274 275 287 291 287 310 306 292 283 294 314 311 300 283 289 301 278 277 290 298 293 292 269 259 267 274 267 248 242 244 245 242 242 240 238 239 241 241 239 238 235 230 230 231 228 230 230 228 227 228 227 226 220 215 209 205 204 209 218 223 222 220
300 295 295 293 270 264 294 287 290 284 313 315 315 321 311 301 290 277 276 276 281 303 303 307 317 321 304 301 311 317 302 298 301 278 274 271 293 297 310 293 272 252 243 240 247 250 244 241 238 240 239 241 241 239 237 237 241 237 237 237 235 233 234 233 233 230 229 229 228 226 222 226 229 225 222 218 209 202 212 220 219
311 294 295 280 268 272 294 286 305 301 320 323 326 322 311 298 288 287 292 292 297 312 318 321 315 322 328 327 341 324 307 297 290 264 280 277 290 297 295 277 260 249 239 234 233 235 235 236 238 237 238 239 240 238 235 237 236 237 233 235 240 243 239 236 234 231 227 228 226 226 228 226 228 230 223 222 220 209 202 206 211
314 307 299 288 272 305 302 303 313 331 335 331 322 320 308 308 301 303 296 293 307 311 323 329 314 302 298 299 325 322 305 278 261 264 269 280 300 272 264 254 248 238 237 242 246 235 236 234 238 236 237 238 239 237 234 234 233 234 233 231 234 243 248 239 233 233 230 230 231 230 230 229 228 227 224 223 222 220 218 205 199
319 310 298 277 284 312 307 313 316 312 319 322 320 332 321 312 311 315 304 310 312 312 305 313 301 290 273 275 287 269 262 255 263 258 263 263 263 245 249 252 239 240 253 256 260 252 244 240 242 237 235 237 238 238 234 230 231 230 232 230 228 224 234 227 226 227 219 222 225 228 228 226 226 225 224 222 222 222 221 220 219
322 313 289 269 300 318 318 314 305 300 299 297 294 301 308 302 298 297 289 292 300 282 274 275 287 283 266 282 291 279 261 279 283 276 295 297 290 279 271 251 251 268 265 257 243 240 243 243 237 234 236 238 237 236 230 231 229 228 226 231 239 232 229 231 234 230 224 221 222 220 227 225 224 224 224 223 221 221 221 219 217
315 306 282 269 319 331 322 315 310 320 312 302 305 301 291 291 284 282 271 276 277 271 288 286 276 272 279 312 299 272 259 285 304 300 302 298 284 272 256 269 299 286 264 252 250 241 235 233 233 240 241 242 239 237 230 238 234 228 238 247 242 242 237 235 236 231 232 231 228 219 220 226 225 223 223 223 222 220 220 220 218
319 303 289 271 305 311 322 314 313 315 323 315 313 317 310 307 298 299 285 282 287 286 290 279 274 286 291 299 281 260 296 313 330 319 289 279 278 272 285 288 291 281 273 262 249 242 248 248 242 235 236 238 235 235 233 242 239 252 259 253 260 247 241 238 234 231 232 227 230 219 222 228 223 217 222 222 223 221 219 214 213
