ASCII/dem.asc
ncols         1013
nrows         404
xllcorner     -92.045254686541
yllcorner     -5.019172982738
cellsize      0.01666666667
NODATA_value  -9999
[rows 108 to 143 of 404, columns 729 to 809 of 1013]
323 325 255 251 201 225 213 222 227 245 254 225 203 194 185 163 165 166 175 186 178 186 192 215 205 222 234 238 249 262 273 278 289 302 316 326 325 306 334 367 383 398 410 412 466 509 536 561 554 539 547 579 641 658 689 689 697 804 939 1002 1214 1521 1550 1405 1594 1412 1592 1802 1847 1721 1806 1967 2294 2854 2422 2458 2849 3073 3314 3245 3324
344 266 267 228 229 226 240 245 247 228 201 206 220 211 184 170 160 169 174 187 190 188 195 210 216 216 218 234 244 259 272 284 294 303 317 330 344 355 352 359 369 392 427 471 502 527 547 564 591 626 635 596 585 603 674 727 689 725 805 955 1176 1492 1649 1470 1583 1610 1460 1595 1831 2020 2055 2253 2543 2938 2780 2768 2679 3161 3634 3702 3659
299 290 232 224 213 246 251 268 276 278 263 202 204 213 198 171 163 171 174 186 200 198 206 212 219 230 234 235 244 254 270 280 291 306 321 336 350 366 383 390 391 411 439 463 481 506 522 541 569 604 659 671 664 665 687 794 771 818 882 1061 1367 1737 1692 1560 1665 1743 1826 1727 1658 1794 2063 2527 2876 3146 3276 3392 3096 3271 3871 4036 3940
219 229 227 239 223 275 321 277 233 208 198 201 220 196 186 170 175 181 183 184 199 205 213 212 214 221 235 244 249 255 266 277 290 305 322 338 356 373 389 404 422 422 446 472 495 518 540 542 569 588 635 695 719 705 634 722 703 918 1109 1130 1305 1625 1663 1591 1717 1766 1961 2027 2086 1794 1956 2321 2505 3015 3504 3690 3783 4017 3976 4219 4037
282 288 278 304 295 312 259 251 227 222 271 247 246 190 189 181 179 184 179 187 194 202 206 211 217 225 236 244 254 266 277 287 302 310 325 339 354 371 392 420 439 424 459 483 508 537 553 574 582 605 648 719 748 709 697 697 715 867 1025 1046 1131 1277 1643 1645 1760 1834 1884 2039 2173 1940 1954 2208 2528 3059 3163 3299 4060 4357 4294 4338 4118
280 258 292 236 238 246 231 259 266 305 286 257 194 195 236 220 196 188 191 188 198 209 209 207 222 230 233 242 249 259 272 287 304 318 330 341 359 376 403 428 447 445 469 498 524 546 569 586 606 615 672 744 771 740 733 669 696 752 857 886 975 1224 1637 1669 1817 1954 1959 2016 2161 2102 2080 2131 2474 2673 2821 3479 3905 4378 4227 4089 3991
242 219 283 318 265 267 314 252 254 209 209 200 211 230 267 219 189 193 196 198 199 210 221 223 219 223 232 246 259 269 279 289 301 313 326 343 360 383 409 435 460 476 465 499 543 555 574 600 630 641 705 777 782 839 899 745 717 835 915 858 1013 1243 1688 1770 1768 1943 2082 2290 2393 2313 2359 2376 2312 2528 2958 3281 3753 3973 3882 3758 3621
221 240 239 333 333 342 284 251 219 231 224 266 263 297 258 210 190 192 198 200 204 210 222 229 234 236 244 248 253 264 279 291 310 318 331 352 376 395 413 443 469 490 511 505 512 566 582 625 756 674 717 797 822 1004 1000 848 771 857 1043 914 1046 1269 1672 1806 1894 1947 1842 2091 2324 2435 2561 2744 2727 2572 2706 3161 3337 3446 3496 3405 3397
238 236 251 252 289 274 295 265 280 271 265 250 306 225 235 202 204 186 190 205 212 216 219 225 233 241 246 256 267 273 281 294 307 326 342 363 383 404 429 451 473 499 525 548 531 564 605 772 841 707 764 814 875 1033 1047 995 910 920 1213 1063 1079 1344 1719 1927 1911 2170 1983 1960 2068 2248 2578 2689 2930 2949 3021 2803 2993 3111 3178 3224 3184
266 274 257 240 226 217 231 216 238 273 309 244 220 254 230 214 205 209 203 207 208 216 226 227 228 236 243 254 265 273 283 289 304 320 339 362 385 407 429 453 479 510 535 557 573 559 577 730 793 736 804 857 910 1003 1209 1201 1068 1002 1254 1250 1139 1361 1832 2070 2027 1999 2084 2234 2326 2220 2269 2547 2960 3181 3206 2863 2963 3006 3079 3180 2963
267 203 217 228 219 224 246 251 229 237 236 306 275 265 240 208 220 218 202 201 219 217 220 225 233 237 245 253 258 265 269 294 310 324 339 357 378 399 425 455 481 503 527 545 570 603 622 620 663 754 800 848 938 1050 1325 1272 1205 1113 1353 1322 1269 1514 1866 1960 2190 2085 2150 2277 2560 2486 2372 2554 2674 2866 3183 3061 3051 3277 3296 3098 2878
190 201 196 222 242 265 289 309 312 296 233 245 223 220 208 207 224 212 196 186 205 213 220 229 234 235 242 248 251 266 276 286 300 312 327 350 373 392 434 476 478 491 508 531 571 559 632 778 790 692 827 857 906 1043 1088 1069 1128 1191 1441 1399 1469 1675 1726 1821 2062 2019 2133 2141 2745 2545 2337 2498 2705 3041 3344 3389 3317 3299 3104 2966 2888
216 193 195 217 232 290 315 286 273 275 298 256 246 257 241 219 200 206 193 182 206 216 223 224 227 230 230 241 254 262 268 275 281 303 326 344 358 383 416 436 460 474 480 489 487 509 602 829 1004 815 743 861 934 956 1033 1081 1115 1180 1312 1291 1396 1567 1593 1737 1830 1827 1849 2028 2602 2718 2571 2774 2746 2904 3137 3290 3578 3587 3216 2972 2917
210 231 198 202 207 212 337 353 332 293 243 277 277 242 216 199 199 188 186 177 208 211 212 216 225 216 232 240 241 246 256 273 292 303 315 332 359 383 403 429 440 447 457 466 501 531 617 773 988 1031 956 811 822 873 906 973 958 1028 1125 1219 1325 1499 1483 1585 1738 1639 1785 2083 2330 2790 2807 3215 3103 2902 3271 3287 3573 3718 3422 3043 2965
200 220 201 170 149 158 192 345 359 293 290 300 273 259 219 186 178 180 176 190 197 203 206 212 201 210 227 228 233 230 253 272 283 293 312 354 365 377 395 411 416 420 446 495 537 582 664 799 1001 1261 1145 917 932 939 1058 1237 1109 1052 1102 1155 1214 1256 1452 1553 1579 1681 1986 2297 2610 2631 2641 2969 3080 3195 3308 3696 3823 3727 3393 3159 3037
246 203 198 250 277 239 160 279 300 353 318 298 281 233 210 196 189 173 190 189 190 197 201 191 198 214 216 216 223 240 251 263 273 289 314 351 344 362 380 390 407 447 503 510 557 615 702 828 1048 1404 1151 978 1013 1005 1088 1367 1274 1205 1105 1237 1360 1356 1318 1404 1608 1747 1831 2216 2521 2296 2423 2633 2974 3411 3575 3972 4111 3796 3418 3183 3052
260 231 315 335 341 312 252 219 273 333 316 283 239 240 223 219 188 175 172 181 184 193 188 178 203 203 211 223 232 235 242 252 266 285 301 315 335 350 362 356 439 516 732 652 605 658 797 858 1069 1426 1260 1025 1134 1128 1135 1406 1387 1254 1146 1271 1379 1569 1574 1390 1614 1574 1669 1931 2069 2239 2673 2941 3100 3280 3583 3855 4085 3778 3367 3119 3057
184 171 336 406 375 330 275 237 200 261 282 284 254 242 230 211 213 196 174 176 186 178 167 193 194 203 213 217 221 223 231 244 260 277 295 311 325 335 341 357 474 557 873 838 712 718 834 1064 1167 1400 1183 1099 1341 1286 1246 1542 1466 1373 1153 1266 1435 1669 1906 1627 1461 1674 1934 2083 2279 2241 2527 2851 3310 3207 3334 3458 3829 3557 3209 3050 3040
170 189 345 438 390 335 323 338 295 190 243 249 233 234 216 203 179 169 167 175 180 158 168 185 197 207 211 212 212 217 223 244 262 302 297 301 310 323 351 400 593 553 782 968 842 898 991 1393 1587 1554 1245 1286 1572 1642 1416 1648 1592 1409 1193 1316 1409 1582 1787 1719 1560 1602 2109 2494 2459 2535 2710 2998 3091 2987 2838 3257 3701 3409 3140 3004 2893
192 199 260 355 290 270 321 337 291 234 202 220 193 200 189 177 175 179 164 167 164 161 180 177 200 204 204 203 203 222 229 238 258 281 281 291 294 304 425 503 689 586 649 769 982 1070 1375 1706 1852 1808 1416 1446 1923 1830 1666 1578 1411 1262 1359 1407 1329 1423 1624 1710 1872 1628 1954 2236 2188 2265 2458 2531 2423 2607 2989 3221 3389 3299 3064 2891 2781
392 308 195 238 222 219 325 314 312 282 214 190 164 180 172 165 157 167 156 165 150 164 171 186 195 197 196 194 207 219 219 222 249 267 270 278 276 335 527 742 790 638 686 809 964 1263 1619 1837 1951 1999 1732 1581 2032 2019 1803 1573 1347 1525 1618 1561 1545 1451 1745 1945 1963 1840 1746 1879 1943 2040 2145 2228 2504 2706 2866 2934 3152 3099 2949 2838 2756
500 444 355 345 260 231 213 250 222 285 247 198 157 163 153 159 143 133 155 151 168 170 176 185 192 194 185 197 210 209 220 207 239 250 255 262 265 353 555 692 768 699 719 783 914 1221 1728 2033 2069 2106 2082 1814 2209 2070 1807 1486 1313 1629 1772 1683 1687 1558 1692 2184 2284 2097 2118 1879 1965 2460 2471 2717 2799 2883 2907 3060 3136 3083 2900 2810 2775
259 373 419 400 359 324 256 273 206 214 224 191 147 136 143 144 148 139 157 166 161 170 173 183 186 186 191 194 201 201 200 209 235 242 248 253 250 274 411 441 532 631 786 834 938 1050 1506 1898 2041 2178 2188 2255 2216 1947 1747 1517 1455 1681 1910 1887 1831 1701 1576 1894 2274 2428 2346 2037 2092 2434 2798 2883 3149 3215 3157 3232 3169 3031 2878 2829 2828
323 259 255 293 332 345 348 293 233 193 168 145 161 158 154 164 158 141 164 155 156 163 172 171 176 181 179 184 193 192 196 214 224 233 233 237 261 273 425 484 483 578 831 995 1168 1296 1562 1466 1848 1887 2228 2441 2292 2031 1869 1732 1758 1463 2070 2047 2031 1894 1762 1661 2054 2377 2459 2334 2277 2327 2503 2830 3290 3548 3442 3360 3213 3052 2940 2873 2849
295 222 200 257 210 259 310 289 234 230 178 188 169 162 164 167 152 142 155 147 152 160 164 168 177 175 175 175 185 180 197 205 220 214 220 235 237 378 514 512 524 774 1082 1030 1263 1538 1161 1440 1499 1945 2270 2229 2187 2247 1946 1973 1984 1578 1868 2230 2232 2317 1996 1752 2241 2705 2767 2698 2488 2651 2624 2969 3580 3956 3877 3543 3278 3076 2966 2912 2881
258 308 271 357 354 269 220 289 255 246 196 177 183 175 182 170 149 141 145 139 151 151 156 167 172 169 169 161 167 180 186 200 204 188 213 256 303 504 518 436 547 848 1210 1133 1219 1131 902 1078 1433 2145 2103 1997 2011 2298 2216 2385 2150 1825 1571 2155 2468 2464 2074 1802 2310 2671 2569 2788 2813 2977 2853 3194 3349 3898 4190 3781 3333 3093 2993 2952 2924
362 400 357 372 300 329 229 199 205 225 190 169 185 190 169 171 141 145 140 137 146 145 157 165 162 163 164 167 178 185 185 190 183 186 214 318 387 613 505 406 517 848 1186 1263 1183 826 735 971 1652 1952 1711 1610 2144 2406 2398 2531 2339 1912 1731 2111 2435 2655 2189 1950 1947 2275 2342 2595 2823 2953 3178 3617 3889 4281 4223 3764 3338 3133 3041 2994 2982
230 278 340 301 227 209 205 270 205 183 172 191 185 182 163 143 136 145 148 136 135 145 157 159 156 160 159 169 177 180 181 186 167 209 302 342 428 532 479 371 480 758 982 982 792 621 769 940 1186 1298 1599 1755 2015 2164 2346 2573 2310 1797 1922 2184 2488 2610 2590 2581 2181 2137 2378 2513 2557 2760 3206 3792 4090 4131 3982 3575 3300 3164 3079 3064 3180
294 242 240 217 266 282 221 271 214 203 194 191 175 160 160 155 129 135 144 136 133 145 152 146 147 159 156 168 170 173 174 174 163 224 229 267 501 546 406 373 474 624 692 693 565 648 1057 1474 1361 1545 2036 2281 2077 2301 2445 2595 2400 2149 1820 2165 2675 2803 3068 2929 2500 2376 2616 2904 2896 2833 3220 3704 3963 3895 3663 3416 3273 3185 3136 3214 3397
257 322 321 308 303 271 278 248 250 202 214 184 172 147 133 134 118 129 141 134 135 144 145 145 130 148 154 163 164 165 172 166 161 222 328 384 385 416 375 377 502 456 486 500 651 830 1016 1661 1808 1657 1856 2229 2263 2197 2303 2540 2699 2182 1831 2305 2968 3227 3519 3098 2766 2609 2612 3037 3229 3215 3581 3830 3764 3665 3488 3348 3266 3256 3279 3377 3551
341 299 254 238 282 289 271 265 249 219 185 163 155 150 144 129 129 129 137 133 134 137 140 129 105 136 158 158 160 163 166 177 156 210 348 473 374 365 365 375 453 424 435 578 788 780 1010 1468 1569 2095 2069 2130 2453 2441 2427 2540 2706 2062 2038 2189 2814 3361 3353 3072 2837 2802 2970 2948 3432 3454 3637 3802 3648 3490 3382 3326 3292 3380 3442 3564 3778
310 227 287 245 226 239 218 225 218 197 169 165 156 132 133 121 126 132 131 132 125 130 127 113 138 145 149 153 161 162 164 169 150 183 328 517 396 356 361 379 387 403 459 561 596 784 1143 1255 1712 2357 2471 2444 2607 2563 2633 2631 2693 2086 2281 2438 2954 3008 2938 2950 2984 3090 3215 3182 3593 3795 4043 3968 3727 3522 3397 3397 3387 3446 3530 3608 3676
282 205 228 209 216 210 189 198 193 193 181 169 150 132 118 112 119 126 123 128 117 122 113 122 139 143 146 154 156 153 156 164 150 215 308 436 372 366 373 345 356 379 434 526 605 828 1090 1252 1926 2077 2284 2499 2754 2696 2623 2835 2797 2426 2213 2645 2734 2818 2793 2837 3019 3396 3663 3710 4075 4223 4303 4050 3920 3562 3490 3549 3500 3483 3524 3507 3504
218 241 252 234 204 169 183 182 171 161 159 156 142 128 113 104 117 118 113 114 99 102 114 124 128 140 143 154 139 146 163 147 154 287 501 543 453 368 311 327 353 396 425 524 708 1064 910 1233 1330 1494 1719 2194 2293 2429 2697 2949 2916 2721 2347 2358 2400 2570 2714 2827 3000 3107 3396 3779 4165 4422 4713 4276 3932 3647 3556 3665 3656 3530 3494 3455 3407
260 261 200 199 190 188 166 155 150 159 156 141 129 114 106 101 120 117 107 114 97 107 119 114 135 130 144 140 111 125 143 135 168 299 500 648 471 297 316 351 366 421 468 572 738 893 800 1160 1126 1585 1990 1922 1838 2150 2502 2625 2943 2836 2799 2817 2613 2543 2776 2831 2955 3049 3253 3739 4032 4228 4706 4380 3921 3707 3573 3544 3579 3436 3391 3354 3356
301 268 230 216 192 201 174 151 136 135 140 132 115 109 99 110 120 121 100 112 108 94 104 120 124 139 111 102 129 153 146 164 186 228 287 351 274 287 334 361 379 429 493 538 603 657 805 979 1220 1443 1610 1423 1560 1716 2028 2399 2950 3081 3099 2922 2705 2553 2793 2797 2936 3088 3347 3497 3758 3975 4229 4116 3778 3579 3495 3459 3445 3277 3250 3248 3317
