ASCII/dem.asc
ncols         1013
nrows         404
xllcorner     -92.045254686541
yllcorner     -5.019172982738
cellsize      0.01666666667
NODATA_value  -9999
[rows 36 to 71 of 404, columns 810 to 890 of 1013]
431 390 343 331 280 303 377 422 501 590 609 465 577 794 743 655 690 -9999 -9999 -9999 -9999 -9999 -9999 -9999 -9999 -9999 -9999 -9999 -9999 -9999 -9999 -9999 -9999 -9999 -9999 -9999 -9999 -9999 -9999 -9999 -9999 -9999 -9999 -9999 -9999 -9999 -9999 -9999 -9999 -9999 -9999 -9999 -9999 -9999 -9999 -9999 -9999 -9999 -9999 -9999 -9999 -9999 -9999 -9999 -9999 -9999 -9999 -9999 -9999 -9999 -9999 -9999 -9999 -9999 -9999 -9999 -9999 -9999 -9999 -9999 -9999
469 404 375 298 371 416 426 479 505 655 683 508 855 1047 1115 947 834 -9999 -9999 -9999 -9999 -9999 -9999 -9999 -9999 -9999 -9999 -9999 -9999 -9999 -9999 -9999 -9999 -9999 -9999 -9999 -9999 -9999 -9999 -9999 -9999 -9999 -9999 -9999 -9999 -9999 -9999 -9999 -9999 -9999 -9999 -9999 -9999 -9999 -9999 -9999 -9999 -9999 -9999 -9999 -9999 -9999 -9999 -9999 -9999 -9999 -9999 -9999 -9999 -9999 -9999 -9999 -9999 -9999 -9999 -9999 -9999 -9999 -9999 -9999 -9999
453 356 374 308 410 463 501 555 602 654 688 568 796 1011 1290 860 -9999 -9999 -9999 -9999 -9999 -9999 -9999 -9999 -9999 -9999 -9999 -9999 -9999 -9999 -9999 -9999 -9999 -9999 -9999 -9999 -9999 -9999 -9999 -9999 -9999 -9999 -9999 -9999 -9999 -9999 -9999 -9999 -9999 -9999 -9999 -9999 -9999 -9999 -9999 -9999 -9999 -9999 -9999 -9999 -9999 -9999 -9999 -9999 -9999 -9999 -9999 -9999 -9999 -9999 -9999 -9999 -9999 -9999 -9999 -9999 -9999 -9999 -9999 -9999 -9999
402 472 382 397 480 502 540 583 613 697 766 705 722 955 1184 928 -9999 -9999 -9999 -9999 -9999 -9999 -9999 -9999 -9999 -9999 -9999 -9999 -9999 -9999 -9999 -9999 -9999 -9999 -9999 -9999 -9999 -9999 -9999 -9999 -9999 -9999 -9999 -9999 -9999 -9999 -9999 -9999 -9999 -9999 -9999 -9999 -9999 -9999 -9999 -9999 -9999 -9999 -9999 -9999 -9999 -9999 -9999 -9999 -9999 -9999 -9999 -9999 -9999 -9999 -9999 -9999 -9999 -9999 -9999 -9999 -9999 -9999 -9999 -9999 -9999
500 527 481 369 472 557 561 645 648 684 812 1017 849 926 1220 1038 1003 -9999 -9999 -9999 -9999 -9999 -9999 -9999 -9999 -9999 -9999 -9999 -9999 -9999 -9999 -9999 -9999 -9999 -9999 -9999 -9999 -9999 -9999 -9999 -9999 -9999 -9999 -9999 -9999 -9999 -9999 -9999 -9999 -9999 -9999 -9999 -9999 -9999 -9999 -9999 -9999 -9999 -9999 -9999 -9999 -9999 -9999 -9999 -9999 -9999 -9999 -9999 -9999 -9999 -9999 -9999 -9999 -9999 -9999 -9999 -9999 -9999 -9999 -9999 -9999
444 584 502 391 455 503 589 839 814 796 862 1109 997 831 906 1054 1177 1098 -9999 -9999 -9999 -9999 -9999 -9999 -9999 -9999 -9999 -9999 -9999 -9999 -9999 -9999 -9999 -9999 -9999 -9999 -9999 -9999 -9999 -9999 -9999 -9999 -9999 -9999 -9999 -9999 -9999 -9999 -9999 -9999 -9999 -9999 -9999 -9999 -9999 -9999 -9999 -9999 -9999 -9999 -9999 -9999 -9999 -9999 -9999 -9999 -9999 -9999 -9999 -9999 -9999 -9999 -9999 -9999 -9999 -9999 -9999 -9999 -9999 -9999 -9999
445 608 536 512 527 714 756 915 1104 1087 1055 1093 1127 906 933 1075 1287 1352 1228 1179 -9999 -9999 -9999 -9999 -9999 -9999 -9999 -9999 -9999 -9999 -9999 -9999 -9999 -9999 -9999 -9999 -9999 -9999 -9999 -9999 -9999 -9999 -9999 -9999 -9999 -9999 -9999 -9999 -9999 -9999 -9999 -9999 -9999 -9999 -9999 -9999 -9999 -9999 -9999 -9999 -9999 -9999 -9999 -9999 -9999 -9999 -9999 -9999 -9999 -9999 -9999 -9999 -9999 -9999 -9999 -9999 -9999 -9999 -9999 -9999 -9999
451 583 578 706 577 798 942 1111 1319 1404 1181 1138 1178 1007 967 1083 1382 1456 1414 1521 1166 -9999 -9999 -9999 -9999 -9999 -9999 -9999 -9999 -9999 -9999 -9999 -9999 -9999 -9999 -9999 -9999 -9999 -9999 -9999 -9999 -9999 -9999 -9999 -9999 -9999 -9999 -9999 -9999 -9999 -9999 -9999 -9999 -9999 -9999 -9999 -9999 -9999 -9999 -9999 -9999 -9999 -9999 -9999 -9999 -9999 -9999 -9999 -9999 -9999 -9999 -9999 -9999 -9999 -9999 -9999 -9999 -9999 -9999 -9999 -9999
495 676 716 685 690 704 906 1167 1512 1537 1308 1249 1435 1242 1050 1254 1552 1471 1631 1545 1225 -9999 -9999 -9999 -9999 -9999 -9999 -9999 -9999 -9999 -9999 -9999 -9999 -9999 -9999 -9999 -9999 -9999 -9999 -9999 -9999 -9999 -9999 -9999 -9999 -9999 -9999 -9999 -9999 -9999 -9999 -9999 -9999 -9999 -9999 -9999 -9999 -9999 -9999 -9999 -9999 -9999 -9999 -9999 -9999 -9999 -9999 -9999 -9999 -9999 -9999 -9999 -9999 -9999 -9999 -9999 -9999 -9999 -9999 -9999 -9999
595 736 914 957 917 819 1039 1287 1394 1405 1468 1440 1640 1325 1313 1293 1551 1544 1679 1428 1238 -9999 -9999 -9999 -9999 -9999 -9999 -9999 -9999 -9999 -9999 -9999 -9999 -9999 -9999 -9999 -9999 -9999 -9999 -9999 -9999 -9999 -9999 -9999 -9999 -9999 -9999 -9999 -9999 -9999 -9999 -9999 -9999 -9999 -9999 -9999 -9999 -9999 -9999 -9999 -9999 -9999 -9999 -9999 -9999 -9999 -9999 -9999 -9999 -9999 -9999 -9999 -9999 -9999 -9999 -9999 -9999 -9999 -9999 -9999 -9999
515 687 824 993 1170 1095 1133 1162 1213 1307 1513 1710 1636 1566 1551 1257 1380 1577 1819 1670 1435 1244 -9999 -9999 -9999 -9999 -9999 -9999 -9999 -9999 -9999 -9999 -9999 -9999 -9999 -9999 -9999 -9999 -9999 -9999 -9999 -9999 -9999 -9999 -9999 -9999 -9999 -9999 -9999 -9999 -9999 -9999 -9999 -9999 -9999 -9999 -9999 -9999 -9999 -9999 -9999 -9999 -9999 -9999 -9999 -9999 -9999 -9999 -9999 -9999 -9999 -9999 -9999 -9999 -9999 -9999 -9999 -9999 -9999 -9999 -9999
557 540 681 884 1066 1073 1047 1184 1346 1495 1654 1848 1809 1868 1556 1418 1613 1703 1858 1804 1425 1424 1514 1483 1654 1811 -9999 -9999 -9999 -9999 -9999 -9999 -9999 -9999 -9999 -9999 -9999 -9999 -9999 -9999 -9999 -9999 -9999 -9999 -9999 -9999 -9999 -9999 -9999 -9999 -9999 -9999 -9999 -9999 -9999 -9999 -9999 -9999 -9999 -9999 -9999 -9999 -9999 -9999 -9999 -9999 -9999 -9999 -9999 -9999 -9999 -9999 -9999 -9999 -9999 -9999 -9999 -9999 -9999 -9999 -9999
769 601 521 702 825 793 860 1218 1481 1680 1860 1873 2010 1882 1624 1632 1798 1905 1856 1740 1527 1724 1573 1750 1932 1914 1634 -9999 -9999 -9999 -9999 -9999 -9999 -9999 -9999 -9999 -9999 -9999 -9999 -9999 -9999 -9999 -9999 -9999 -9999 -9999 -9999 -9999 -9999 -9999 -9999 -9999 -9999 -9999 -9999 -9999 -9999 -9999 -9999 -9999 -9999 -9999 -9999 -9999 -9999 -9999 -9999 -9999 -9999 -9999 -9999 -9999 -9999 -9999 -9999 -9999 -9999 -9999 -9999 -9999 -9999
929 848 752 572 574 629 776 1068 1361 1547 1690 1517 1757 1594 1927 1843 1947 2123 1958 2002 1852 1766 1877 2012 2193 2089 1801 1916 2027 -9999 -9999 -9999 -9999 -9999 -9999 -9999 -9999 -9999 -9999 -9999 -9999 -9999 -9999 -9999 -9999 -9999 -9999 -9999 -9999 -9999 -9999 -9999 -9999 -9999 -9999 -9999 -9999 -9999 -9999 -9999 -9999 -9999 -9999 -9999 -9999 -9999 -9999 -9999 -9999 -9999 -9999 -9999 -9999 -9999 -9999 -9999 -9999 -9999 -9999 -9999 -9999
1036 1053 1065 970 822 617 640 752 1259 1403 1450 1156 1162 1428 2045 2108 2076 2241 2144 2163 2170 1892 1968 2155 2482 2380 2122 1963 2258 2078 2292 -9999 -9999 -9999 -9999 -9999 -9999 -9999 -9999 -9999 -9999 -9999 -9999 -9999 -9999 -9999 -9999 -9999 -9999 -9999 -9999 -9999 -9999 -9999 -9999 -9999 -9999 -9999 -9999 -9999 -9999 -9999 -9999 -9999 -9999 -9999 -9999 -9999 -9999 -9999 -9999 -9999 -9999 -9999 -9999 -9999 -9999 -9999 -9999 -9999 -9999
1140 1289 1222 1239 989 693 875 666 845 1195 1041 954 1126 1484 1794 1851 1621 1827 2293 2274 2386 2289 2183 2459 2466 2369 2268 2011 2293 2357 2328 2469 2861 -9999 -9999 -9999 -9999 -9999 -9999 -9999 -9999 -9999 -9999 -9999 -9999 -9999 -9999 -9999 -9999 -9999 -9999 -9999 -9999 -9999 -9999 -9999 -9999 -9999 -9999 -9999 -9999 -9999 -9999 -9999 -9999 -9999 -9999 -9999 -9999 -9999 -9999 -9999 -9999 -9999 -9999 -9999 -9999 -9999 -9999 -9999 -9999
1288 1557 1363 1185 954 697 1013 831 693 745 794 980 924 1225 1263 1373 1409 2009 2242 1971 2341 2389 2456 2302 1997 2067 2248 2175 2276 2462 2538 2759 2994 3584 -9999 -9999 -9999 -9999 -9999 -9999 -9999 -9999 -9999 -9999 -9999 -9999 3004 -9999 -9999 2904 2899 -9999 -9999 -9999 -9999 -9999 -9999 -9999 -9999 -9999 -9999 -9999 -9999 -9999 -9999 -9999 -9999 -9999 -9999 -9999 -9999 -9999 -9999 -9999 -9999 -9999 -9999 -9999 -9999 -9999 -9999
1425 1636 1455 1206 1069 821 968 1009 790 869 859 793 813 897 967 1121 1487 1710 1828 1567 1699 2002 1854 1701 1822 2029 2414 2738 2379 2445 2533 2899 3268 3507 3941 4069 -9999 -9999 -9999 -9999 -9999 -9999 -9999 -9999 3036 2992 2931 2955 2944 2922 2902 2873 -9999 -9999 -9999 -9999 -9999 -9999 -9999 -9999 -9999 -9999 -9999 -9999 -9999 -9999 -9999 -9999 -9999 -9999 -9999 -9999 -9999 -9999 -9999 -9999 -9999 -9999 -9999 -9999 -9999
1506 1607 1450 1325 1321 873 998 1206 1085 994 1095 1185 1023 921 931 1116 1148 1318 1698 1363 1515 1514 1458 1653 1763 2241 2697 2966 2504 2660 3027 2928 3399 3765 3847 3991 4057 3909 3667 3502 -9999 -9999 -9999 3111 3040 2969 2949 2995 2945 2932 2900 2901 2922 -9999 -9999 -9999 -9999 -9999 -9999 -9999 -9999 -9999 -9999 -9999 -9999 -9999 -9999 -9999 -9999 -9999 -9999 -9999 -9999 -9999 -9999 -9999 -9999 -9999 -9999 -9999 -9999
1665 1471 1414 1362 1135 896 928 1026 1219 1292 1220 1336 1211 1290 1023 953 996 1383 1464 1165 1327 1507 1532 2139 2215 2334 2530 3005 2665 2855 3081 3372 3473 3582 3772 3949 3824 3681 3605 3526 3393 3245 3156 3152 3083 3026 3004 3032 3007 2976 2980 2989 2967 -9999 -9999 -9999 -9999 -9999 -9999 -9999 -9999 -9999 -9999 -9999 -9999 -9999 -9999 -9999 -9999 -9999 -9999 -9999 -9999 -9999 -9999 -9999 -9999 -9999 -9999 -9999 -9999
1654 1508 1390 1343 1137 999 1114 1008 1164 1318 1510 1574 1577 1472 1427 1220 1024 1067 1133 1390 1837 2051 1948 2147 2417 2732 2811 3126 2882 2917 3216 3763 3915 4005 3943 3952 3899 3725 3639 3650 3506 3356 3352 3281 3256 3151 3098 3036 3044 3074 3210 3162 -9999 -9999 -9999 -9999 -9999 -9999 -9999 -9999 -9999 -9999 -9999 -9999 -9999 -9999 -9999 -9999 -9999 -9999 -9999 -9999 -9999 -9999 -9999 -9999 -9999 -9999 -9999 -9999 -9999
1567 1695 1566 1430 1101 1068 1293 1213 1266 1330 1354 1513 1656 1772 1792 1414 1338 1026 1133 1517 1545 2045 2092 1899 2293 2617 2998 3383 3318 3427 3576 3751 3915 4008 4025 4000 3838 3859 3789 3791 3586 3431 3453 3373 3396 3323 3217 3107 3129 3176 3263 -9999 -9999 -9999 -9999 -9999 -9999 -9999 -9999 -9999 -9999 -9999 -9999 -9999 -9999 -9999 -9999 -9999 -9999 -9999 -9999 -9999 -9999 -9999 -9999 -9999 -9999 -9999 -9999 -9999 -9999
1728 1850 1682 1352 1137 1176 1216 1310 1459 1699 1504 1506 1735 1897 2083 1677 1618 1213 1171 1143 1603 1825 1846 1767 2088 2200 2850 3472 3785 3805 3831 3836 3856 3897 3901 3988 3982 3976 3850 3772 3645 3552 3402 3381 3394 3442 3368 3303 3303 3270 3277 3312 -9999 -9999 -9999 -9999 -9999 -9999 -9999 -9999 -9999 -9999 -9999 -9999 -9999 -9999 -9999 -9999 -9999 -9999 -9999 -9999 -9999 -9999 -9999 -9999 -9999 -9999 -9999 -9999 -9999
1654 1755 1594 1393 1200 1310 1506 1350 1444 1738 1693 1752 1801 1963 2150 1947 1770 1299 1500 1194 1204 1517 1521 1667 2025 2485 2905 3490 3732 3776 3729 3631 3622 3710 3788 3798 3916 3900 3766 3776 3724 3544 3426 3392 3415 3496 3432 3365 3300 3183 3186 3219 3305 -9999 -9999 -9999 -9999 -9999 -9999 -9999 -9999 -9999 -9999 -9999 -9999 -9999 -9999 -9999 -9999 -9999 -9999 -9999 -9999 -9999 -9999 -9999 -9999 -9999 -9999 -9999 -9999
1300 1302 1442 1491 1333 1373 1489 1604 1578 1581 1889 2099 2187 2182 2265 2247 1951 1570 1416 1533 1167 1547 1565 1617 1828 2142 2486 3075 3284 3614 3630 3513 3477 3494 3456 3505 3736 3732 3729 3759 3707 3540 3482 3430 3442 3509 3353 3274 3150 3104 3141 3193 3305 3195 -9999 -9999 -9999 -9999 -9999 -9999 -9999 -9999 -9999 -9999 -9999 -9999 -9999 -9999 -9999 -9999 -9999 -9999 -9999 -9999 -9999 -9999 -9999 -9999 -9999 -9999 -9999
1087 1146 1289 1494 1541 1517 1701 1814 1796 1629 1861 1977 2177 2280 2569 2550 2114 1632 1541 1808 1291 1482 1958 1984 2173 2050 2161 2530 2883 3536 3656 3689 3361 3357 3290 3200 3380 3599 3720 3743 3653 3560 3608 3493 3455 3486 3284 3090 3020 3027 3033 3146 3321 3426 3360 3043 -9999 -9999 -9999 -9999 -9999 -9999 -9999 -9999 -9999 -9999 -9999 -9999 -9999 -9999 -9999 -9999 -9999 -9999 -9999 -9999 -9999 -9999 -9999 -9999 -9999
1100 1185 1268 1518 1719 1646 1833 1948 1848 2031 1807 1866 2171 2321 2550 2501 1883 1714 1801 2105 1490 1317 1392 1784 1990 2449 2533 3035 3332 3319 3407 3425 3374 3254 3136 3065 3276 3463 3584 3609 3559 3511 3487 3418 3298 3247 3127 3000 2921 2953 2976 3132 3270 3448 3246 3129 2965 -9999 -9999 -9999 -9999 -9999 -9999 -9999 -9999 -9999 -9999 -9999 -9999 -9999 -9999 -9999 -9999 -9999 -9999 -9999 -9999 -9999 -9999 -9999 -9999
1282 1275 1490 1504 1912 1868 1869 2082 2000 2252 2148 2048 1992 2202 2441 2415 1965 1972 2249 2293 1853 1525 1268 1497 1835 2182 2547 2864 3183 3067 3180 3369 3393 3181 3046 3032 3248 3316 3429 3493 3412 3330 3310 3195 3114 2977 2921 2893 2887 2949 3002 3192 3187 3186 3134 3050 2925 2870 2776 -9999 -9999 2612 2676 2421 -9999 -9999 -9999 -9999 -9999 -9999 -9999 -9999 -9999 -9999 -9999 -9999 -9999 -9999 -9999 -9999 -9999
1467 1443 1766 1697 2011 2085 2042 2349 2381 2390 2540 2355 2263 2229 2522 2506 2205 2160 2565 2459 1947 1618 1432 1330 1624 1968 1983 2398 2942 2795 3202 3439 3608 3124 3066 3034 3122 3306 3453 3439 3259 3191 3162 3032 2924 2841 2814 2816 2853 2921 3146 3333 3465 3252 3116 3020 2928 2846 2814 2763 2878 3038 2915 2371 -9999 -9999 -9999 -9999 -9999 -9999 -9999 -9999 -9999 -9999 -9999 -9999 -9999 -9999 -9999 -9999 -9999
1633 1775 1972 1839 1900 2225 2573 2621 2496 2666 2778 2580 2309 2257 2371 2594 2586 2503 2741 2467 1922 1842 1862 1554 1361 1551 2012 2421 2538 2859 3366 3574 3526 3091 3092 2927 3163 3428 3494 3397 3174 3012 3013 2907 2832 2791 2773 2793 2868 2970 3366 3551 3756 3562 3594 3418 3157 3043 3119 3073 3322 3244 2767 2277 -9999 -9999 -9999 -9999 -9999 -9999 -9999 -9999 -9999 -9999 -9999 -9999 -9999 -9999 -9999 -9999 -9999
1720 1884 2089 2201 2065 2139 2575 2880 2916 2945 2799 2587 2544 2435 2641 2715 2996 3155 2702 2227 2317 2074 2260 1744 1351 1538 2049 2089 2566 3107 3216 3246 3141 3014 2901 2881 3234 3513 3469 3314 3106 2980 2873 2844 2794 2766 2759 2851 2916 3071 3491 3787 3900 3864 3743 3586 3476 3252 3434 3452 3349 2827 2447 2212 -9999 -9999 -9999 -9999 -9999 -9999 -9999 -9999 -9999 -9999 -9999 -9999 -9999 -9999 -9999 -9999 -9999
2075 2017 2268 2389 2272 2658 3110 3267 3199 3220 2871 2884 2890 2703 2849 3040 3388 3178 2697 2672 2670 2532 2086 1756 1400 1563 1812 2173 2750 2960 2943 2898 2845 2705 2811 3057 3419 3519 3312 3173 3027 3008 2860 2786 2773 2767 2794 2900 2972 3163 3491 3702 3775 3772 3893 3553 3387 3514 3501 3324 2903 2497 2090 -9999 -9999 -9999 -9999 -9999 -9999 -9999 -9999 -9999 -9999 -9999 -9999 -9999 -9999 -9999 -9999 -9999 -9999
2356 2501 2705 2583 2610 3048 3273 3221 3321 3378 3202 3164 3154 2988 3080 3369 3600 3226 3074 2945 3000 2822 2556 2259 1514 1615 2074 2442 2717 2712 2644 2633 2611 2514 2892 3086 3320 3264 3129 3010 2948 2887 2800 2789 2801 2788 2818 2913 3053 3235 3494 3675 3598 3748 3697 3782 3676 3507 3262 3046 2710 2190 2033 -9999 -9999 -9999 -9999 -9999 -9999 -9999 -9999 -9999 -9999 -9999 -9999 -9999 -9999 -9999 -9999 -9999 -9999
2203 2799 3018 2975 2967 3296 3231 3205 3335 3433 3410 3368 3461 3282 3649 3627 3513 3155 3032 2723 2598 2717 2618 1987 1538 1719 2135 2560 2492 2440 2412 2356 2415 2715 2941 2993 2989 2963 2911 2869 2831 2796 2763 2786 2795 2791 2824 3168 3362 3517 3582 3423 3443 3510 3625 3960 3555 3609 3359 2649 2274 1929 -9999 -9999 -9999 -9999 -9999 -9999 -9999 -9999 -9999 -9999 -9999 -9999 -9999 -9999 -9999 -9999 -9999 -9999 -9999
2332 2839 3000 3191 3393 3344 3200 3193 3353 3649 3768 3558 3656 3685 3826 3333 3106 2773 2701 2311 2125 1944 1955 1725 1529 1787 2196 2375 2256 2190 2077 2067 2527 2874 2969 2905 2792 2772 2755 2743 2763 2736 2763 2814 2781 2761 2927 3233 3452 3498 3379 3309 3482 3518 3527 3873 3320 3192 3180 2683 2091 1930 -9999 -9999 -9999 -9999 -9999 -9999 -9999 -9999 -9999 -9999 -9999 -9999 -9999 -9999 -9999 -9999 -9999 -9999 -9999
2714 2996 2692 2857 3168 3240 3210 3118 3316 3694 3954 3739 3914 3848 3421 3030 2751 2538 2366 2305 2197 2136 1888 1745 1655 1527 2011 2209 2062 1890 2004 2353 2394 2452 2916 2791 2654 2626 2653 2670 2699 2718 2762 2732 2807 2916 3187 3388 3347 3170 3131 3315 3553 3326 3460 3492 3021 3014 2724 2519 2102 -9999 -9999 -9999 -9999 -9999 -9999 -9999 -9999 -9999 -9999 -9999 -9999 -9999 -9999 -9999 -9999 -9999 -9999 -9999 -9999
